0 9 14 16
0 9
0 -1
0 2
0 0
0 2 4 6
0 -1
0 -1 4
0 20 40 60
0 1 0 1 0 1
0 2
0 2
0 4
0 2 3 1 0 3
0 2
0 3
0 2
0 1 -1 -1 0 -1
0 2 3 1 0 3
0 3
0 3
0 3
0 2 0 1 0 -1
0 -1
0 4 0 -1 0 -1
0 20 60 40 0 16
0 64
0 40
0 40
0 -1 -1 -1 0 6
0 -1 -1 -1 0 9
0 -1 -1 -1 0 3
0 -1
0 -1 0 2 0 3
0 -1
0 1 -1 -1 0 -1
0 -1 -1 -1 0 -1
0 -1 0 -1 0 9
0 -1 0 -1 0 6
0 -1 -1 -1 0 9
0 -1 -1 -1 0 -1
0 -1 -1 21 0 -1
0 40 60 20 0 60
0 40
0 40
0 60
0 1 0 2 0 3
0 12
0 4
0 6
0 5 17 11 0 7
0 28
0 15
0 24
0 5 0 6 0 7
0 21
0 15
0 24
0 18 56 37 0 20
0 40
0 36
0 57
0 36 55 18 0 60
0 80
0 72
0 76
0 20 0 19 0 18
0 36
0 80
0 57
0 1580 3160 4740 6320 7900 6320 4740 3160 1580
0 0 0 0 0 -1 -1 -1 -1 -1
