0 1 2 0 1
2 0 0 4 3
2 12 10 9 11
3 0 4 2 1
0 4 2 0 4 4
0 376 752 0 376 0 376 752 0 376 0 376 752 0 376 0 376 752 0 376
1 0 0 0 0 0 0 0 0 0 0 0 0 0 0 0 0 0 0 0 0 0 0 0 0 0 0 0 1 0
1 0 0 0 0 0 0 0 0 0 0 0 0 0 1 0 1 0 0 0 0 0 0 0 0 0 0 0 0 0
1 1 3 2 2 2 3 3 1 4 3 1 2 3 0 4 3 3 0 4 2 2 2 2 1 1 2 1 3 0
68 107 202 229 6 124 116 156 61 180 7 93 17 26 183 169 11 221 104 58 152 138 202 223 176 34 23 133 129 157 1
376 42 204 168 338 522 535 373 456 289 178 502 84 625 338 529 275 409 172 54 521 533 311 440 23 262 335 309 54
184 155 187 7 207
266 291 177 212 132 147 280 397 375 249 43 295 388 3 118 120 270 159 392 247 204 93 247 221 111 216 344 353 140 282 297 394
49 124 95 14 156 47 67 165 80 54 31 37 159 116 137 0 99 22 8
144 472 156 62 235 185 387 48 457 514 37 202 160 454 520 111 87 242 120 400 570 213 448 382 362 302 276 230 110 19 468 320
387 654 150 617 456 97 292 362 252 146 116 382 207 329 1 31 579 244 551 101 429 194 423
356 45 145 425 329 432 189 132 119 249 57 240 121 451 241 40 20 340 320 289 169 20 11 47 274 407 466 329 157 177
55 96 132 174 136 68 58 9 18 90 147 149 13 106 18 94 153 5 42 66 1 13 13 171 110 102 137 167 121 134 69 67 109
255 452 142 106 63 207 391 352 347 160 96 210
242 25 85 193 27 213 117 56 88 214 123 69 35 133 177 139 208
8 122 666 299 120 409
497 461 436 274 202 393 271 451 209 343 52 473 148 479 316 353 488 445 214 377 399 445 74 327 158 507 329 36 427 410 143 358 40 405 177 509 369 276 192 480 378
50 375 350 0 350 275 425 150 275 125 375 175 350 500 200 250 350 100 400 250 400
536 80 80 40 584 332 560 144 20 344 68 372 636 80 228 284 348 472 292 240 88 280 92 480 276 56 448 188 396 340
154 37 189 42 235 134 173 110 244 60 206 173 91 172 42 115 149 229 169 226 230 45 36 25 50
100 100 80 212 220 136 24 72 72 72 188 8 192 232 24 156 20 76 16 112 148 48 116 184 196 68 152 184 64 32
283 528 232 210 95 626 544 57
223 365 115 214 290 448 495 213 274 226 176 368 262 224 246 435 262 408 328 293 204 311 452 421 336 386 336 166 143 201 358 103 111 88 231 35 180 6 259 67
244 289 214 129 147 224 156 160 301 196 101 153 139 113 128 101 117 67 275 299 41 283 219 28 154 35 230 53 266 264 7 16 228
588 187 672 483 277 489 596 78 284 405 495 157 104 13 161 286 671 747 248 30 31 341 569 21
47 269 348 67 71 278 217 74 300 272 260 9 252
240 384 308 329 501 241 315 261 180 364 202 481 477 258 337
615 147 747 756 543 93 333 237 399 690 6 303 552 57 102 81 69 213
294 477 501 273 234 153 390 447 9 42 264 138
33 210 231 192 201 3 348 363 213 378 63 345 39 441 456 297 3 411
273 18 28 107 244 112 188 152 63 172 95 197 129 107 296
64 384 768 576 512 576 512 704 640 576 768 384 256 64 320
55 51 57 41 1 185 157 104 4 193 31 89 87 132 37 40 82 195 92 149 163 42 67
66 12 227 226 100 11 101 168 74 278
189 153 36 155 60 27 112 36 163 75 101 108 134 95 84 67 121 171 146 1 89 153 80 94 129 59 40 26 99 133 5 175 187 60 160
23 471 568 262 449 296 58 380 477 435 236 27 48 28 215 133 360 574 181 130 343 400 142 96 282 408 135 68 60 149 408
38 87 27 112 52 82 16 24 99 97 80 41 70 31 124 136 0 86 103 121 95 23 74 114 93 53 16 60 25 63 114 15 128 64 72
540 648 756 486 243 189 81 702 378 486 540 243 702 27 351 810 486 108 459
271 329 229 134 24 296 200 222 0 228 381 79
124 8 212 52 204 40 128 140 20 32 112 12 124 96 124 60 80 44 180 172 44 256 116 292
483 8 440 155 463 528 39 467 431 433 498 490 458 271 194 265
264 536 120 504 439
135 114 95 360 202 156 294 480 246 511 204 399 545 427 113 431 422 29 557 209 169 573 425 486 161 468 127 443 129 236 368 462 139 495 185 200
52 652 488 622 96 593 635 99 53 581 313 549 247 685 133 264 714 205 482 679 642 610 153
423 89 277 340 236 66 287 4 317 276 225 193 66 465 183 166 443 74 416
255 74 178 52 155 155 0 121 192 68 158 173 84 148 213 175 127 4 85 175
82 144 139 49 117 144 172 19 12 308 69 368 183 95 309 427 228 358
300 4 231 238 349 618 631 685 506 534 799 436 574 40 8 779 171 225 484 301 697 677 105 153 224 792 486 450 213 619 575 358 106 272
90 146 68 524 266 190 516 644 28 548 336 202 18 660 342 406 32 626 624 214 650 554 60 552 582 286 456 370 122 512 70
387 317 143 197 445 274 177 708 440 245 387 123 343 595 682 116 649 594 5 303 310 572 481
79 98 16 73 11 97 53 107 84 59 33 147 84 61
369 26 258 133 346 152 264 183 179 257 17 83 194 168 235 379 299 267 207 88 83 40 177 385 379 163 228 289 279 235 404 317
303 315 279 406 4 48 424 79 184 261 282 421 315 119 113
406 82 330 280 314 0 4 146 22 210 122
266 450 458 207 182 2 207 215 263 327 310 165 50 87 441 23 488 172 456 174 137 240 419
392 362 202 67 63 435 277 285 311 289 416 408 136 170 419 119 229 270 297 59 421 460 273 146 104 366 491 372 54 126 243 51 80 132 165 449 493 445 467 176 320 248 171
66 285 233 296 51 154 8 17 320 146 19 385 322 271 103 234 393 211 134 274 297
172 228 235 127 173 4 134 74 17 234 251 170 256 163 231 93 129 108 100
146 227 274 164 155 127 274 315 214 310 22 286 239 292 196 81 300 143
72 4 87 205 165 367 126 56 71 235 366 124 428 435 411 7 357 277 433 62 25
443 199 417 232 211 351 160 208 113 332 228 203 47 89 257 339 472 432 207 299 484 463 298 206 471 303 116 467 479 58 435 351 365 225 217 399 456 239 420 461 174 506
50 344 116 240 172 294 218 74 300 122 310 2 242 16 0 338 192 312 314 320 62 214 214 114 192 4 56 290
490 200 399 62 200 448 312 443 85 51 233 257 353 482 107 485 363 584 449 77 509 401 377 361 163 171 599 666 662 565
256 0 192 192 0 256 192 384 256 64 192 64 256 320 384 256 192 256 128 192 192 320 128 320 0 320 64 192 320
408 164 313 210 432 361 264 149 227 228 417 240 188 192 295 83 81 425 427 187 428 398 400 367
269 165 67 241 353 131 34 45 230 234 165 361 232 117 58 187 107 266 285 331 380
8 245 65 365 238 243 325 717 513 20 288 459 80 626 100 627 211 779 147 602 404 649 319 271 479 438 559 333 165 222 428 317 492 316 310
67 69 1 11 64 30 29 34 38 39 61 72 41 28 10 89 2 50 88 13 58 31 81 82 43 48 12 90 9 78 78 8 40 51 20 80 38
256 464 416 224 192 400 128 112 160 448 240 368 272 496 128 240 192 176 16 112 304 80
298 109 128 342 238 54 122 317 335 81 348 305 344 360 82 372 350 247 43 6 37 176 237 274 177 268 11 345 341
651 191 400 423 101 54 663 155 437 640 140 195 185 179 128 435 666 452 424 115 53 317 206 129 567 453 668 444
71 86 9 218 235 129 105 168 193 88 111 116 0 216 220 111 200 79 74 43
382 103 364 18 205 369 261 214 177 161 230 278 453 471 93 8 113 375
215 136 51 229 98 319 246 920 834 829 292 672 146 636 512 98 547 331 286 656 636 766 282 409 222 504 312 383 776 125 701 658 377
76 176 421 479 433 563 374 94 606 203 124 137 68 442 383 293 280 224 184 166 517 25 58 233 93 474 129 381 192 293 489 559 504 213 138 104 266 39 207 13 79 287 85 383 473 238 348
547 524 737 36 753 206 239 619 439 385 364 558 206 640 59 447 292 667 497 149 766
347 123 24 469 379 219 197 161 317 265 445 244 511 587 159 313 36 484 358 184 557 401 572 471 397
75 29 126 583 617 375 190 149 107 428 71 303 552 512 685 635 252 165 89 112
40 140 284 252 104 604 672 612 368 256 264 212 92 284 536 316
608 604 442 311 617 78 90 145 192 27 518 547 401 354 124
197 149 190 60 195 461 254 567 304 566 107 414 164 132 116 196 478 99 345 392 208 396 447 569 254 295 354 429 462 67 409 218 463 249 505 531 364 338 304 497 454 566
57 270 136 230 353 82 157 76 49 386 396
404 168 184 336 175 301 211
531 151 66 712 594 275 422 715 559 686 0 485 135 365 187 438 131 249 231 691 645 138 130 85 571 126 206
333 565 335 109 254 82 154 531 63 603 107 59 83 248 505 80 447 172 441 258 328 38 266 85 453 49 589 570 208 135 69 555 269 43 119
118 236 40 224 131 297 86 28 151 80 163 296 92 251 272 181 35 108 201 218 227 73 140 160 176 131 99 130 21 201 255
143 380 356 462 27 400 79 41 314 168 126 38 41 463 456 8 206 133 167 139 391 435 151 185 368 325 174 148 471 474 161 78 154 89
512 256 0 384 512 256 0 384 0 0 256 256 0 0 256 384 0 0 128 512 384 512 512 512 128 0 512 384 128 384 512 128 512 0 384 256 0
121 47 103 8 122 66 139 131 50 14 60 66 39 89 115 160
42 362 280 110 312 114 33 368 178 384
96 11 85 119 73 102 66 46 119 68 99 12 115 23 45 10 52 37 30 42 50
351 363 184 288 140 425 537 478 406 109 189 554 66 249 49 88
650 336 311 489 514 67 89 645 212 110 619 553 349 215 29 641 371 137 729 209 539 73 440 475 54 272 208 636 43 525 503 762 144 103 100 733 193 123 585 56 292 498 226 400 95 204 383 595
243 63 4 25 5 112 366 8 396 104 228 267 72 42 348 90 99 170 287 190 321 3 101 40 400 263 3 255 227 226 13 69 158 4 287 86 342 48 296
30 84 87 7 65 149 53 57 142 18 70 31 84 0 32 105 85 72 49 29 97 95 69 105
431 329 190 43 364 358 315 128 289 396
270 235 350 30 110 150 600 260 355 30 100 0 225
9 189 180 87 99 3 183 141 198 192 102 48 69 63 87 27 3 108 177 195 108 156 114 210 135 105 198 21
247 434 238 411 56 20 95 658 93 406 6 473 186 329 466 372 372 609 220 495 298 92 402
3 175 61 291 35 244 168 271 253 230 261 71 215 93 146 299 137
112 304 152 248 280 176 80 64 296 96 312 280 176 112
147 56 231 105 139 396 323 1 116 386 309 337 275 211 246 373 292 330 258 266 64 254 76 400 339 151 323 3 90 322 234 182
301 382 277 335 188 270 247 391 202 223 21 364 335 208 318 157 208 369 3 242 46 15 115 183 76 153 381 255 422 269 325 306 97 184
334 190 89 152 92 313 186 181 321 244 325 243 0 173 291 293 180 196 5 96 262 279 228 72 258 67 239 40 173 153
824 152 128 472 88 536 984 984 392 328 720 208 968 392 368 16 576 912 112 176 56 944 912 272 376 488 296 864 984 656 392 640 280 280 776 224 208 824 496 968 808 696 232 728 592 152 960 632 808 832
946 860 254 102 622 68 203 735 518 730 964 111 291 137 165 514 131 667 622 155 747 271 713 871 627 146 880 521 924 404 509 521 527 691 568 60 767 375 25 525 4 260 900 462 663 543 271 111 884 370
638 246 90 857 194 643 436 378 968 828 226 8 83 687 726 313 478 71 521 147 843 446 350 363 505 717 372 936 685 492 249 399 14 589 931 926 542 131 603 636 123 201 292 286 473 720 102 86 299 39
520 843 986 618 757 876 362 608 377 933 620 367 720 133 374 628 214 868 468 400 458 160 96 524 163 614 592 363 551 281 854 37 50 647 769 226 797 423 758 363 31 357 745 322 221 176 644 762 633 149
904 32 992 800 88 744 128 336 376 416 320 992 912 616 336 360 624 488 192 800 664 992 552 720 536 296 888 608 688 104 848 336 544 232 112 712 600 784 880 648 256 216 552 360 64 128 312 216 664 248
512 624 144 792 40 712 112 240 576 888 904 520 120 280 104 184 208 608 184 808 32 960 464 952 992 688 408 624 832 32 456 80 560 184 392 888 800 896 792 920 696 904 992 672 176 176 312 432 728 920
967 108 22 555 801 488 338 426 296 16 944 495 26 966 553 515 955 864 152 386 124 481 780 18 959 353 790 582 209 47 83 932 564 423 68 72 434 518 408 951 493 813 317 725 866 58 516 640 392 12
28 337 76 50 234 586 738 507 283 180 664 153 935 751 173 653 575 942 674 736 264 842 486 477 479 683 92 595 59 807 155 323 266 946 173 471 784 414 712 977 325 69 309 188 947 469 141 711 632 326
248 168 432 296 168 888 80 728 152 744 512 920 272 8 856 944 688 200 536 288 80 496 992 232 984 552 704 752 64 48 272 944 512 944 944 176 968 832 864 520 8 336 152 56 528 640 296 80 360 672
56 512 480 320 584 696 448 664 0 624 680 736 288 672 576 40 920 840 208 0 808 728 808 344 976 440 440 208 280 104 896 216 608 336 464 856 32 184 384 128 352 16 296 248 168 696 752 720 800 152
