3.50000
3.60000
4.05000
42.38216
53.94028
37.82904
52.22784
33.75342
47.14389
46.00534
37.35414
40.39058
32.14325
42.75394
39.28536
11.18725
21.39317
19.53290
18.48569
14.14864
19.18929
20.63683
11.55658
3.27778
0.00000
0.00000
0.00000
35.12498
46.18215
40.52545
46.25094
45.97165
48.99812
40.65812
42.21535
54.71843
39.11811
43.71485
31.98209
45.10853
50.29645
50.96297
35.63298
23.98768
27.02286
16.40464
26.89641
11.62751
21.68753
20.41666
20.89518
0.00000
0.00000
6.40000
0.00000
31.16982
38.71426
36.22746
44.35905
1.16667
0.00000
