6.70820
6.47871
2.82843
2.23607
2.82843
6.40312
5.39835
5.00000
5.00000
4.12311
3.16228
4.12311
4.47214
3.60555
4.47214
5.38516
4.24264
5.00000
5.83095
2.82843
2.82843
2.82843
2.82843
2.82843
2.82843
2.82843
2.82843
2.82843
2.82843
2.82843
2.82843
2.82843
2.82843
2.82843
2.82843
2.82843
2.82843
2.82843
2.82843
2.82843
2.82843
2.82843
2.82843
4.12311
7.07107
7.07107
7.07107
7.07107
7.07107
7.07107
7.07107
7.07107
7.07107
7.07107
7.07107
7.07107
7.07107
7.07107
7.07107
7.07107
7.07107
7.07107
7.07107
7.07107
7.07107
7.07107
7.07107
7.07107
9.94427
9.94427
9.94427
9.94427
9.94427
9.94427
9.94427
9.94427
9.94427
9.94427
9.94427
9.94427
9.94427
9.94427
9.94427
9.94427
9.94427
9.94427
9.94427
9.94427
9.94427
9.94427
9.94427
9.94427
3.41421
2.00000
2.00000
4.24264
2.23607
3.82843
3.00000
4.16228
2.82843
2.23607
2.82843
3.82843
2.41421
4.65028
2.23607
3.60555
3.16228
1.00000
1.00000
2.82843
2.82843
2.41421
2.41421
1.41421
2.41421
5.06450
4.65028
4.24264
3.60555
2.82843
1.00000
4.24264
5.00000
3.23607
3.00000
1.00000
2.23607
4.24264
2.82843
4.23607
2.23607
3.00000
2.23607
3.60555
2.23607
2.23607
3.60555
3.60555
3.23607
4.47214
1.00000
3.82843
1.00000
1.41421
4.12311
1.41421
4.57649
3.23607
2.23607
4.00000
5.24264
3.23607
3.41421
1.00000
3.16228
2.82843
1.00000
2.82843
1.41421
2.41421
3.23607
4.60555
1.41421
3.65028
5.00000
2.23607
3.65028
3.41421
2.00000
1.00000
2.23607
1.00000
4.24264
4.65028
5.24264
4.24264
4.24264
1.00000
2.00000
2.23607
1.41421
3.16228
3.41421
2.00000
3.41421
2.82843
2.23607
2.23607
5.24264
4.24264
2.23607
2.82843
5.65685
1.00000
3.65028
4.24264
3.41421
2.41421
4.23607
3.60555
2.23607
3.00000
4.47214
1.00000
3.60555
1.41421
1.41421
1.00000
2.00000
3.16228
3.00000
3.16228
3.82843
2.23607
3.41421
1.00000
2.82843
1.00000
6.32456
2.23607
3.82843
2.23607
3.41421
2.23607
2.41421
3.23607
3.00000
3.23607
4.57649
2.23607
3.00000
3.82843
2.23607
3.41421
1.41421
3.00000
1.41421
5.06450
5.24264
2.23607
3.65028
3.00000
4.24264
3.82843
2.23607
2.00000
4.24264
3.82843
2.82843
3.23607
4.24264
4.65028
3.60555
5.16228
4.00000
2.23607
4.23607
2.00000
1.00000
5.01976
2.23607
2.23607
3.65028
2.23607
2.00000
3.65028
5.06450
2.23607
2.82843
4.00000
1.41421
3.00000
2.41421
2.82843
5.01976
2.41421
3.00000
2.41421
4.24264
3.41421
3.00000
3.65028
2.23607
2.23607
4.60555
5.65685
3.82843
4.00000
4.24264
3.65028
1.41421
3.82843
2.41421
1.41421
2.41421
2.00000
3.82843
1.41421
2.23607
1.41421
2.00000
2.82843
4.00000
1.00000
3.16228
3.41421
2.23607
5.65685
4.24264
3.41421
1.41421
3.23607
1.00000
2.82843
2.23607
3.16228
3.23607
2.23607
3.82843
4.82843
4.60555
2.82843
2.41421
5.00000
5.00000
