Case #1: 3 4 6
Case #2: 2 3 4 6 8 10 12 13
Case #3: 14 22 25 28 34 37 38
Case #4: 19 20 24 32 33 36 38 41 45 49
Case #5: 2 4 5 8
Case #6: 8 11 14 16 17 19 24 26 29 30
Case #7: 1 2 3 4 6 9 9
Case #8: 4 6 8 10 12
Case #9: 9 12 14 16 18 20 22 25 26 28
Case #10: 6 11 15 18 20 21 33
Case #11: 6 7 8 9 11 14 16 17
Case #12: 1 2 3 4
Case #13: 9 10 11 12 13 14 15 16 17 18
Case #14: 3 4 5
Case #15: 7 11 12 15 17 18 20
Case #16: 15 17 20 22 24 28 31 35 36
Case #17: 51 52 53 54 55 56 57 58 59 60
Case #18: 10 11 14 18
Case #19: 4 9
Case #20: 5 9 10 12 20 23 25 28 30 33
Case #21: 2 3 4
Case #22: 6 13 20 27 34 41 48
Case #23: 12 15 20 23 24 27 32 36 39
Case #24: 2 4 5 6 8 9 11 13 14
Case #25: 93 101 103 137 155 176 191 217 255 261
Case #26: 11 14 18 19 23 24 27 28 30 32
Case #27: 9 14 18
Case #28: 3 4 5 6
Case #29: 19 39 49 52
Case #30: 6 8
Case #31: 5 7 11
Case #32: 3 4 6 8 9 10 12 13 16
Case #33: 17 21 24 26 27 30 34 37 38 41
Case #34: 2 4
Case #35: 6 9 11 15 20 25 28 32
Case #36: 46 48 51 52 55 56 59 60 63 64
Case #37: 6 11 14 15
Case #38: 1 2 3
Case #39: 22 222
Case #40: 12 14 16 20 21 23 25 26 27 28
Case #41: 3 5 6 11
Case #42: 4 8
Case #43: 5 6 7 8 9 10 11
Case #44: 6 10 12 14 15 16 17 20 21
Case #45: 65 100 114 128 133 152 162
Case #46: 4 8
Case #47: 5 8 11 13 14 17 18
Case #48: 2 6
Case #49: 2 22
Case #50: 15 14 18 21 25 34
