2085.031613 1670.425309
2057.051408 1670.791590
2115.524913 1701.751717
2125.865030 1699.326465
2112.901248 1730.166084
2128.718939 1732.671360
2133.632015 1721.263326
2139.914837 1731.844804
2140.151508 1731.883561
2172.266384 1739.356926
2167.033392 1742.761767
2200.549503 1716.576111
2223.854597 1708.528769
2216.867683 1712.611591
2199.899396 1706.284280
2206.760320 1693.434911
2079.493651 1683.642274
1915.160938 1606.313170
1915.223164 1604.333115
1953.113738 1618.349264
1939.294325 1588.577887
1938.570053 1589.232317
1968.267175 1605.795483
1954.455675 1605.168306
1954.455675 1605.168306
1957.010350 1610.597269
1953.570511 1589.359060
1881.813734 1621.607834
1890.391926 1619.815756
1890.061750 1620.080277
1848.435995 1609.933012
1815.427701 1499.910637
1816.346713 1464.814957
1809.681866 1471.838241
1811.577793 1475.575317
1832.723136 1485.774620
1824.700731 1483.043571
1823.732056 1485.342341
1823.695942 1486.874749
1841.474804 1647.913659
1854.292000 1661.754972
1859.693881 1676.883427
1827.041744 1640.235471
1822.610086 1637.928496
1824.660725 1648.098532
1803.448056 1656.776864
1808.256329 1650.923177
1870.635907 1655.339888
1866.086463 1636.390091
1875.708507 1590.130334
1861.639607 1599.477688
1879.830336 1620.514708
1851.553886 1570.332095
1838.511677 1578.801805
1856.904873 1577.192609
1855.890211 1586.846471
1855.702907 1560.017612
1871.843369 1576.907641
1862.743612 1586.200006
1863.971948 1590.865556
1885.944390 1482.867555
1895.518241 1519.231588
1903.058625 1501.161441
1895.973544 1492.821764
2008.180385 1468.356716
1996.469891 1476.586989
2002.867167 1464.192495
2088.208527 1496.695886
2236.632572 1422.046368
2254.619476 1430.625681
2193.626487 1459.587282
2206.978993 1439.260035
2202.197604 1500.013342
2137.368430 1359.064608
2553.228833 1274.834714
2552.244202 1272.761085
2519.408020 1269.077917
2518.268429 1270.030764
2558.179511 1298.080742
2231.216963 1394.931461
2219.023421 1416.136681
2219.023421 1416.136681
2857.415206 1874.023483
2828.481175 1907.603079
2788.621864 1879.693290
2795.180504 1873.818882
2793.864908 1873.222101
2794.738556 2016.238403
2788.197837 2008.387990
2873.462693 2047.245423
2871.299851 2050.074303
2906.216680 2052.791660
2899.937998 2059.963740
2889.229014 2058.762535
2841.923311 2040.080619
2867.789140 2040.938677
2861.129862 2032.165402
2863.593013 2026.305798
2856.485994 2073.859973
2930.801678 2152.309358
2927.598603 2151.779093
2923.742131 2157.879428
2959.222887 2154.931204
2938.924429 2173.143969
3062.021021 2027.220713
3103.365015 2118.363042
3049.127421 2150.184049
3047.878066 2155.705405
3046.114222 2155.145881
3088.308425 2155.587754
3071.153163 2147.985588
3071.153163 2147.985588
3069.959487 2145.152869
3112.307084 2174.475735
3123.388609 2169.794715
3133.351420 2119.013841
3101.995748 2145.138402
3105.959862 2137.619790
3107.050476 2139.186059
3072.484297 2136.404930
3072.904502 2135.884164
3040.676814 2318.656464
3017.514174 2342.350701
3022.404495 2333.153345
2999.914594 2305.081360
2963.439379 2332.368307
2953.140556 2325.641775
2952.085070 2328.001345
2972.846289 2610.715365
2981.008178 2630.916749
2968.456749 2629.829678
2970.134371 2630.241741
2969.259136 2621.914437
2871.558739 2625.496948
2904.932051 2661.348118
2924.233346 2659.080737
2916.665276 2660.497063
2908.706423 2637.513266
2909.145561 2633.034590
2901.436834 2641.045142
2890.433003 2621.193705
2883.443391 2602.399205
2885.846635 2609.540300
2846.388638 2400.714752
2920.833678 2470.990967
2927.103526 2464.861787
2901.874600 2466.316478
2883.118310 2479.993800
2815.816439 2446.291533
3082.990125 2349.839631
3085.257588 2321.657723
3126.516989 2381.466630
3126.516989 2381.466630
3111.772308 2389.539106
3128.804605 2409.029234
3270.247329 2302.831033
3274.801120 2306.931284
3255.748328 2293.713892
3292.670579 2453.641728
3288.349344 2456.712669
3305.462782 2407.152176
3307.991362 2416.491099
3307.991362 2416.491099
3306.186258 2432.334294
3273.994330 2448.630883
3368.073725 2302.087165
3367.506540 2300.013886
3411.900352 2310.918052
3383.455946 2292.866683
3385.084650 2276.832398
3436.503901 2250.802319
3436.153774 2247.063539
3384.108655 2240.119237
3393.202689 2252.364364
3445.824642 2299.579343
3451.301967 2298.050046
3451.301967 2298.050046
3422.032966 2354.636481
3402.931788 2359.046335
3402.931788 2359.046335
3417.224784 2367.281778
3413.045820 2373.033628
3409.429979 2387.754696
3442.571375 2466.981752
3364.157333 2500.671084
3360.024837 2504.524698
3371.175824 2511.277976
3362.500952 2514.844647
3399.321259 2500.562992
3392.801401 2518.283446
3372.642417 2506.668096
3416.473510 2509.733065
3424.334728 2492.874628
3422.936818 2494.128902
3421.683788 2492.624969
3420.644795 2469.744565
3412.373143 2475.710269
3412.373143 2475.710269
3411.459884 2473.558765
3395.805753 2444.727444
3409.692350 2459.988614
3409.832873 2457.815595
3409.071359 2458.475239
3382.985574 2463.451368
3412.367301 2441.749688
3395.163540 2438.731679
3399.644453 2436.555864
3418.822580 2445.641807
3399.140770 2446.191570
3390.486075 2444.595328
3222.644846 2636.995341
3224.487462 2655.455977
3191.906341 2680.546818
3241.237538 2705.899610
3235.907468 2706.897106
3216.322384 2720.918649
3245.890844 2732.209746
3212.681008 2745.358450
3224.472550 2700.411764
3224.823287 2696.666478
3348.949200 2861.686553
3338.694005 2881.344695
3320.947265 2907.556520
3355.621421 2879.826929
3306.138725 2904.498091
3360.979793 2927.776743
3376.676487 2917.968359
3367.845884 2924.478841
3375.136115 2922.284731
3465.096121 2942.146037
3434.000803 2959.954493
3401.906080 2954.064010
3411.628191 2952.524179
3448.928569 2644.290464
3448.368138 2655.749316
3483.658509 2634.628465
3481.179412 2647.875403
3542.699200 2546.294159
3543.088078 2590.855196
3535.515551 2594.218788
3586.931410 2560.187373
3597.845474 2584.472265
3600.027889 2570.041720
3623.220071 2551.626846
3612.721792 2521.815367
3613.273121 2521.909607
3612.800110 2522.610875
3627.729461 2510.499738
3625.693523 2508.060461
3646.682514 2534.072402
3689.301533 2531.092190
3694.168085 2531.994152
3639.146629 2560.210669
3601.253035 2571.004944
3622.870974 2543.235478
3615.173527 2522.201215
3597.160591 2552.418195
3602.729984 2547.224653
3663.456543 2703.787070
3621.081785 2807.107408
3621.081785 2807.107408
3603.582002 2839.071416
3612.308234 2790.814720
3611.588093 2786.688503
3607.114608 2791.762676
3589.213097 2815.347046
3609.118905 2774.352652
3624.163059 2837.993901
3624.096645 2833.766206
3616.334402 2831.070700
3621.388155 2830.360441
3616.079025 2843.873022
3633.674940 2832.941823
3594.648049 2833.623039
3595.541333 2833.171809
3538.218178 2740.719025
3550.594151 2746.542715
3537.983756 2723.886306
3537.747060 2726.828157
3537.595417 2727.318035
3562.156582 2791.637367
3556.408438 2796.242498
3561.938977 2768.053108
3560.747079 2769.103908
3544.286229 2773.886227
3543.944270 2772.197904
3518.759622 2803.242922
3512.248660 2806.258306
3520.483597 2783.322107
3517.360623 2784.196996
1939.843504 2693.237931
2001.312495 2695.706781
1597.428975 2694.296956
1539.886875 2669.515412
1516.649269 2697.704883
1503.576321 2681.092129
1519.253628 2690.437680
1518.166756 2691.188863
1520.872643 2692.567581
1508.585225 2673.646618
1506.266956 2648.891328
1504.760461 2676.265559
1507.668910 2677.376188
1507.668910 2677.376188
1512.190704 2689.470274
1510.248799 2671.738862
1521.692642 2668.661787
1565.958169 2671.214121
1531.436543 2649.432597
1528.119456 2626.694791
1565.427319 2600.474386
1568.790279 2614.063476
1542.555323 2612.182931
1553.524786 2596.574965
1545.188174 2601.603931
1566.490582 2600.263697
1564.403077 2595.321881
1490.491730 2514.802981
1497.607932 2517.620485
1508.469695 2508.376399
1486.185353 2534.839906
1474.094927 2538.170164
1473.583663 2543.337995
1486.685161 2550.421948
1494.237119 2516.073671
1487.116295 2522.926193
1486.677881 2531.580608
1486.677881 2531.580608
1544.664049 2516.476342
1587.657376 2509.011461
1563.673168 2535.462357
1558.995632 2550.857941
1563.331942 2500.277068
1586.878377 2519.141319
1591.799951 2520.840759
1607.694916 2539.451371
1618.151758 2519.867445
1611.806170 2532.031278
1619.809880 2547.705612
1623.468142 2544.428999
1619.902352 2544.637723
1619.786737 2544.720495
1632.235308 2546.759027
1615.486777 2513.602571
1605.703656 2502.963506
1645.971379 2518.663236
1624.005812 2457.315787
1566.355055 2472.010781
1567.319939 2490.421861
1571.381301 2491.340853
1546.615427 2487.396167
1530.872574 2455.402466
1548.383474 2465.471680
1547.216262 2461.825313
1543.874696 2475.128648
1586.574413 2460.091704
-409.825816 4111.657606
-429.020146 4098.167605
-393.614874 4117.631818
-395.851707 4115.182173
-380.703288 4120.016651
-397.447219 4128.621862
-388.812734 4129.727965
-372.512773 4118.186949
-372.823598 4117.529393
-391.425647 4103.409670
-369.556410 4060.303049
-216.464298 4154.854664
-239.412447 4208.917115
-114.468410 4171.907005
-135.309452 4199.165956
-100.742010 4206.261632
-80.055781 4247.481193
-90.608807 4243.744170
-73.142724 4226.788778
-76.525515 4228.323280
-48.367146 4199.164435
75.150506 4091.792178
85.309928 4067.385734
85.309928 4067.385734
90.687799 4061.496215
91.399445 4061.582333
92.136151 4069.523791
72.629509 4142.323572
77.311477 4167.708822
148.480567 4138.954643
142.951189 4197.449352
142.997751 4194.114788
173.972397 4187.276228
128.028320 4251.687449
141.351352 4330.457945
139.444250 4329.608848
139.283392 4330.507363
-23.754243 4290.008604
-17.850730 4291.535356
1.653163 4339.328187
-0.666278 4341.216509
-1.965383 4338.492877
-20.756340 4251.581261
-45.935897 4336.044405
-7.376878 4398.721195
-6.005468 4392.324139
-19.548731 4366.307773
-19.548731 4366.307773
9.589052 4372.262406
32.572174 4308.598701
57.617558 4439.891203
36.019193 4410.808980
47.390895 4410.073605
449.781688 4530.796629
458.205198 4531.142315
448.419553 4547.079800
452.110004 4521.782681
453.314145 4522.292569
450.930186 4522.165544
450.885030 4523.686999
409.362047 4512.366535
440.791150 4569.066138
415.378223 4573.547123
437.063110 4612.991785
377.320761 4583.335425
377.049560 4581.688310
384.541259 4583.500743
386.296547 4577.899611
392.556493 4585.547771
392.556493 4585.547771
395.517700 4597.977616
397.307639 4600.572280
340.052641 4641.261289
332.630410 4638.337595
329.112670 4707.778803
235.176930 4639.780667
1542059.569655 -685051.600097
1542068.264127 -685029.357303
1542073.590521 -685049.732733
1542056.486280 -685041.611042
1542084.532053 -685070.552035
1542103.038555 -685096.738130
1542109.298699 -685105.530749
1542049.703889 -685076.012421
1542015.625779 -685089.850106
1542056.962511 -685075.374189
1542041.971178 -685105.574035
1541984.664197 -685119.438052
1541983.259531 -685135.822767
1541988.635559 -685129.872999
1541959.081250 -685185.223301
1541937.460664 -685197.680808
1541953.851033 -685187.987572
1541959.027399 -685186.062498
1541959.682261 -685175.355604
1541953.813949 -685184.055733
1541956.205144 -685182.960958
1541935.106438 -685195.538312
1541939.191777 -685196.842109
1541922.147132 -685178.531956
1541921.461134 -685174.432598
1541926.178737 -685174.936765
1542032.588649 -685206.456816
1542004.805085 -685183.226151
1542034.010751 -685172.883882
1542056.155188 -685145.341758
1542074.231967 -685153.052158
1541993.171832 -685167.929477
1541984.261535 -685196.018293
1541946.616323 -685188.256599
1541960.539373 -685188.499626
1541954.201966 -685223.372125
1541953.455851 -685222.090170
1541907.984511 -685252.415784
1541966.795345 -685073.541617
1541947.794293 -685044.942736
1541938.220010 -685064.792278
1541939.165571 -685064.261654
1541869.970831 -685039.758512
1541859.571485 -685089.975055
1541838.036651 -685081.186852
1541843.525015 -685022.580190
1541828.392275 -685040.614687
1541839.710979 -685006.786648
1541843.466467 -685027.554768
1541841.490315 -685024.625003
1541833.343554 -685038.566514
1541848.628664 -685047.302674
1541811.462664 -685038.892867
1541857.992768 -685117.570977
1541856.025537 -685140.517738
1541832.190212 -685141.329261
1541836.407161 -685142.893343
1541886.693032 -685088.015945
1541857.156739 -685076.618838
1541869.719537 -685076.026391
1541815.716675 -685126.827211
1541824.864274 -685143.329917
1541631.506250 -685100.109278
1541634.017118 -685100.179413
1541646.835038 -685074.357879
1541653.115186 -685107.594620
1541666.959245 -685109.318989
1542353.626576 -683282.470162
1542347.332524 -683243.393479
1542425.670072 -683296.631621
1542366.342672 -683252.891690
1542353.107019 -683281.018884
1542368.963439 -683319.680830
1542369.842100 -683325.560090
1542403.345780 -683356.476397
1542400.838325 -683330.435480
1542418.263719 -683321.013604
1542427.899741 -683333.639818
1542449.931186 -683324.333372
1542457.347115 -683367.267022
1542466.090318 -683316.649277
1542438.297011 -683244.993854
1542444.117871 -683218.408466
1542437.654836 -683207.523475
1542426.915266 -683225.467989
1542458.746057 -683259.962686
1542459.007842 -683262.474491
1542462.826070 -683249.625555
1542482.647600 -683236.406238
1542475.175051 -683237.270841
1542474.710200 -683235.954494
1542481.116175 -683231.810283
1542481.672767 -683225.317921
1542459.320431 -683258.960890
1542517.557478 -683120.758159
1542513.874626 -683135.154062
1542515.227819 -683133.710536
1542525.644941 -682920.716995
1542575.248818 -682584.800197
1542574.476269 -682588.466205
1542556.235459 -682575.976462
1542552.201329 -682579.508075
1542554.407944 -682553.230203
1542542.860092 -682569.845384
1542541.836927 -682564.557020
1542546.471936 -682571.776788
1542544.654193 -682577.797445
1542510.465655 -682564.192173
1542511.473419 -682553.118703
1542527.055033 -682526.130557
1542210.770624 -683186.267041
1542176.323180 -683181.026603
1542180.906551 -683179.367445
1542182.270355 -683177.070537
1542187.949321 -683194.142141
1542150.722144 -683192.581860
1542151.016600 -683191.790091
1542200.220823 -683157.846372
1542153.703021 -683143.000647
1542157.620734 -683140.738755
1542142.315456 -683131.687239
1542249.102902 -683190.151658
1543052.967068 -682769.901628
1543090.348008 -682744.877270
1543079.285058 -682760.618255
1543081.985822 -682141.652667
1543058.565542 -682150.830975
1543068.954739 -682170.535840
1543055.035903 -682166.492044
1543053.805078 -682166.415685
1543092.770547 -682164.305391
1543085.020039 -682177.463144
1543079.897938 -682175.341500
1543078.428798 -682174.246437
1543231.601070 -682202.358810
1543001.663313 -682510.843977
1543334.605480 -682300.366676
1543368.048163 -682313.304674
1543343.585815 -682321.632337
1543355.596412 -682285.101897
1543351.269711 -682309.148689
1543372.464309 -682311.301558
1543129.962569 -682443.517799
1543121.325268 -682480.930059
1543128.708939 -682478.714851
1543129.193459 -682477.533470
1543136.352519 -682477.464746
1543101.609389 -682469.889519
1543102.296695 -682468.331186
1543124.426616 -682381.512048
1543124.428194 -682382.416556
1543118.905557 -682378.620953
1543217.348567 -682393.069982
1543212.599354 -682376.342353
1543211.620374 -682382.740019
1543791.065381 -682639.514703
1543788.412151 -682668.668789
1543787.420843 -682662.409913
1543779.770856 -682674.348898
1543775.721591 -682545.499227
1543641.601441 -682465.547571
1543678.504307 -682462.124196
1543676.703764 -682462.828009
1543672.658658 -682460.841953
1543674.176881 -682457.358595
1543700.803995 -682467.050072
1543689.028557 -682432.459953
1543678.132434 -682453.302314
1543659.683362 -682406.466615
1543659.683362 -682406.466615
1543665.923961 -682437.416542
1543628.558551 -682441.839030
1543628.558551 -682441.839030
1543630.877717 -682445.290314
1543662.293919 -682436.518753
1543662.042981 -682442.505941
1543613.865605 -682497.152448
1543614.023989 -682497.215477
1543621.539611 -682495.487266
1543642.647195 -682584.087632
1543655.179183 -682591.707199
1542644.656105 -682278.898053
1542650.836755 -682281.301577
1542628.640659 -682347.255941
1542229.636762 -682906.638774
1542226.250183 -682903.216544
1542226.600078 -682901.980042
1542221.690080 -682896.507760
1542290.912231 -682841.445975
1542321.034234 -682777.142385
1542245.610764 -682727.880600
1542252.406630 -682725.500721
1542281.140348 -682743.525349
1542274.854155 -682740.445775
1542670.686391 -682426.713010
1542640.483285 -682600.665153
1542643.659385 -682600.150737
1542672.388618 -682610.635724
1542672.765249 -682609.426502
1542670.458369 -682618.961999
1542666.405607 -682598.679904
1542650.886186 -682684.077760
1542650.675521 -682623.727068
1542713.259358 -682589.392399
1542681.575935 -682602.032803
1542689.052310 -682606.888018
1542628.024744 -682593.134862
1542628.024744 -682593.134862
1542632.688938 -682595.501143
1542633.050671 -682594.884583
1542632.325871 -682594.254525
1542629.283990 -682609.547093
1542646.479454 -682593.651770
1542695.095407 -682732.477137
1542673.661622 -682688.531366
1542682.040170 -682653.765883
1542683.367769 -682654.669814
1542663.355201 -682650.834109
1542662.832314 -682651.858122
1542675.918043 -682657.332001
1542718.133375 -682685.273719
1542952.594904 -682822.831481
1542951.332631 -682827.106539
1542944.035967 -682816.801090
1542956.012211 -682800.317203
1542959.173919 -682798.805758
1542956.751579 -682822.246252
1542874.007189 -682755.001710
1542883.899800 -682760.713212
1542892.649846 -682757.406845
1542869.797790 -682762.514885
1542867.460466 -682761.037290
1542848.757044 -682754.505763
1542858.600150 -682777.694668
1542859.723170 -682777.684868
1542827.211685 -682759.589207
1542849.652771 -682742.369556
1542926.992027 -682678.615993
1542877.118472 -682576.360052
1542885.052519 -682583.681380
1542884.918819 -682570.914421
1542893.593552 -682733.719683
1542879.976474 -682749.003155
1544173.755754 -682763.681246
1544139.967476 -682757.784247
1544024.611277 -683300.492495
1544016.931692 -683303.371415
1544016.587375 -683299.728921
1544013.299826 -683307.044049
1544003.991561 -683303.711208
1544034.634736 -683296.805470
1544020.026158 -683278.957275
1543949.465525 -683335.487001
1543961.646726 -683301.652411
1543994.318485 -683486.943160
1544023.587243 -683460.727873
1543975.849300 -683480.112241
1543977.488270 -683479.088100
1543952.892258 -683546.482036
1543952.474239 -683554.458310
1543965.258537 -683575.904169
1543976.645137 -683569.089430
1543969.966701 -683571.402045
1543978.748341 -683536.440871
1543998.216396 -683535.471693
1543987.488724 -681779.349761
1544017.337547 -681816.078730
1544015.250346 -681813.392769
1543854.220004 -681904.313937
1543919.486786 -681941.541452
1543826.147592 -681986.663382
1543853.445057 -681999.334444
1543811.624317 -682056.579991
1543812.441592 -682057.137499
1543827.570626 -682063.794433
1543828.622756 -682057.369455
1543846.875409 -682014.576708
1543828.686306 -682058.489088
1543853.887724 -682006.818524
1543837.162198 -682021.616019
1543853.162156 -681999.754849
1543853.819198 -681972.870391
1543854.242107 -681982.183570
1543851.439185 -681989.523697
1543851.389510 -681986.361563
1543886.983252 -682006.050911
1543895.348372 -682004.530711
1543893.812629 -681982.840584
1543904.059427 -681991.607653
1543854.188538 -681955.241176
1543853.591203 -681954.473864
1543877.055811 -681959.290457
1544178.869519 -682217.063715
1544166.127516 -682190.107799
1544163.791771 -682208.341139
1544492.464092 -681707.032538
1544513.082610 -681729.931723
1544514.490861 -681729.232661
1544514.713348 -681745.166077
1544518.359364 -681720.173546
1544632.040367 -681765.412712
1544632.403514 -681760.467592
1544517.055106 -681878.257508
1544513.893181 -681878.213356
1544534.035848 -681887.350475
1544516.974153 -681885.496982
1544555.345928 -681915.801184
1544531.519576 -681886.272862
1544530.950544 -681887.419170
1544534.440573 -681882.106108
1544412.094645 -681999.022416
1544452.459795 -681985.751030
1544434.537639 -682014.101078
1544443.345802 -682011.323875
1544442.910628 -682010.491463
1544444.011626 -682010.633481
1544450.286922 -682046.589310
1544690.333855 -682032.748291
1544627.479517 -682031.212164
1544632.663521 -682011.167108
1544660.058729 -682041.063731
1544621.681627 -682031.672914
1544678.860571 -681915.725486
1544669.575517 -681909.833012
1544670.018885 -681909.407837
1544689.548997 -681919.230460
1544694.213614 -681905.289389
1544696.892011 -681906.764896
1544670.925811 -681947.133876
1544671.584389 -681946.871796
1544671.222523 -681943.881498
1544698.615960 -681967.862639
1544723.929028 -681869.274747
1544752.358983 -681873.346244
1544750.267499 -681871.993202
1544754.473208 -681859.125819
1545572.353198 -680891.295548
1545560.966912 -680879.317857
1545622.070259 -680834.186223
1545618.642866 -680835.543225
1545682.558541 -680981.840425
1545716.500821 -681422.959723
1545665.029769 -681419.856702
1545665.759369 -681408.872041
1545645.025042 -681332.027208
1545643.654829 -681330.680704
1545685.922104 -681331.049565
1545645.967680 -681336.274197
1545642.599626 -681329.051381
1545645.180977 -681330.645656
1545641.677752 -681331.865608
1545622.861382 -681332.210475
1545618.495882 -681337.698661
1545649.311700 -681290.786060
1545650.591468 -681299.452629
1545650.705754 -681300.051737
1545635.677600 -681301.472316
1545635.621567 -681297.905470
1545656.057059 -681305.505361
1545731.712936 -681158.294945
1545724.812738 -681158.343118
1545672.972648 -681058.546697
1545647.799798 -681028.758652
1545641.951533 -681028.676989
1545662.224397 -681049.306806
1545662.371501 -681049.328135
1545676.239168 -681029.742127
1545628.429925 -680994.106216
1545612.127731 -680964.574842
1545587.343239 -680994.963632
1545590.163779 -680991.016672
1546701.649845 -681506.951326
1546635.736209 -681589.224991
1546633.661105 -681584.288514
1546651.723359 -681568.448342
1546650.058028 -681488.946264
1546649.418185 -681490.490981
1546657.969351 -681486.790561
1546636.038046 -681471.434096
1546640.155010 -681526.187970
1546609.290479 -681512.446196
1546609.366677 -681511.124687
1546609.917659 -681534.504747
1546645.680655 -681511.191143
1546638.678843 -681495.010911
1546596.317962 -681442.512495
1546644.996208 -681482.072233
1546696.895552 -681470.851197
1546687.245765 -681421.665823
1546737.728341 -681425.195908
1546719.041192 -681415.571394
1546718.808291 -681439.832925
1546733.741896 -681475.532856
1546735.141275 -681472.203864
1546731.015604 -681480.197205
1546741.879633 -681464.151101
1546743.278070 -681462.800647
1546684.890315 -681452.767795
1546471.512452 -681483.896259
1546490.945143 -681478.942928
1546489.201066 -681471.815470
1546452.550355 -681478.740694
1547070.076858 -681661.660378
1547044.547721 -681638.834695
1547057.254902 -681641.143981
1547044.785507 -681608.660096
1547026.821037 -681615.809027
1547015.759486 -681604.591939
1546909.811235 -681545.863865
1546911.355771 -681536.431947
1546951.446864 -681553.325874
1546950.898963 -681551.295262
1546960.001973 -681551.613146
1546953.439033 -681519.782048
1547034.353941 -681576.124158
1546952.345473 -681626.379012
1546970.077120 -681634.647415
1546966.064328 -681644.579424
1546950.810588 -681626.238796
1546955.723465 -681611.555755
1546969.875441 -681624.752685
1546960.308187 -681623.203128
1546956.871452 -681625.119920
1546970.952231 -681589.190007
1546977.377637 -681630.695599
1546943.918760 -681635.994965
1546928.080370 -681571.268807
1546929.454246 -681573.653234
1546845.224248 -681553.586818
1546798.234035 -681583.178135
1546837.818099 -681570.010269
1546672.775867 -681575.629473
1546673.059366 -681573.612270
1546619.662280 -681568.846707
1546626.215376 -681559.625605
1546604.293712 -681576.295226
1546612.654079 -681503.482217
1546634.951683 -681521.602989
1546634.758248 -681520.395330
