2085.031613 1670.425309
2057.051408 1670.791590
2115.524913 1701.751717
2125.865030 1699.326465
2112.901248 1730.166084
2128.718939 1732.671360
2133.632015 1721.263326
2139.914837 1731.844804
2140.151508 1731.883561
2172.266384 1739.356926
2167.033392 1742.761767
2200.549503 1716.576111
2223.854597 1708.528769
2216.867683 1712.611591
2199.899396 1706.284280
2206.760320 1693.434911
2079.493651 1683.642274
1915.160938 1606.313170
1915.223164 1604.333115
1953.113738 1618.349264
1939.294325 1588.577887
1938.570053 1589.232317
1968.267175 1605.795483
1954.455675 1605.168306
1954.455675 1605.168306
1957.010351 1610.597269
1953.570511 1589.359060
1881.813734 1621.607834
1890.391926 1619.815756
1890.061750 1620.080277
1848.435995 1609.933012
1815.427701 1499.910637
1816.346714 1464.814957
1809.681866 1471.838241
1811.577793 1475.575317
1832.723136 1485.774620
1824.700731 1483.043571
1823.732056 1485.342341
1823.695942 1486.874749
1841.474804 1647.913659
1854.292000 1661.754972
1859.693881 1676.883427
1827.041744 1640.235471
1822.610086 1637.928496
1824.660725 1648.098532
1803.448056 1656.776864
1808.256329 1650.923177
1870.635907 1655.339888
1866.086463 1636.390091
1875.708507 1590.130334
1861.639607 1599.477688
1879.830336 1620.514708
1851.553887 1570.332095
1838.511677 1578.801805
1856.904873 1577.192609
1855.890211 1586.846471
1855.702907 1560.017612
1871.843369 1576.907640
1862.743612 1586.200006
1863.971948 1590.865556
1885.944390 1482.867555
1895.518241 1519.231588
1903.058625 1501.161441
1895.973544 1492.821764
2008.180385 1468.356716
1996.469891 1476.586989
2002.867167 1464.192495
2088.208527 1496.695886
2236.632572 1422.046368
2254.619476 1430.625681
2193.626487 1459.587282
2206.978993 1439.260035
2202.197604 1500.013342
2137.368430 1359.064608
2553.228833 1274.834714
2552.244202 1272.761085
2519.408020 1269.077917
2518.268429 1270.030764
2558.179511 1298.080742
2231.216963 1394.931461
2219.023421 1416.136681
2219.023421 1416.136681
2857.415206 1874.023484
2828.481175 1907.603080
2788.621864 1879.693290
2795.180504 1873.818882
2793.864908 1873.222101
2794.738556 2016.238404
2788.197837 2008.387990
2873.462693 2047.245423
2871.299851 2050.074303
2906.216680 2052.791660
2899.937998 2059.963740
2889.229014 2058.762535
2841.923311 2040.080619
2867.789140 2040.938677
2861.129862 2032.165402
2863.593013 2026.305798
2856.485994 2073.859973
2930.801678 2152.309358
2927.598603 2151.779093
2923.742131 2157.879428
2959.222887 2154.931204
2938.924429 2173.143969
3062.021021 2027.220713
3103.365015 2118.363042
3049.127421 2150.184050
3047.878066 2155.705406
3046.114222 2155.145881
3088.308425 2155.587754
3071.153162 2147.985588
3071.153162 2147.985588
3069.959487 2145.152869
3112.307084 2174.475735
3123.388609 2169.794716
3133.351420 2119.013841
3101.995748 2145.138403
3105.959862 2137.619790
3107.050476 2139.186059
3072.484297 2136.404930
3072.904502 2135.884164
3040.676814 2318.656464
3017.514174 2342.350701
3022.404495 2333.153346
2999.914594 2305.081360
2963.439379 2332.368307
2953.140556 2325.641775
2952.085070 2328.001346
2972.846289 2610.715365
2981.008178 2630.916749
2968.456749 2629.829678
2970.134371 2630.241741
2969.259136 2621.914437
2871.558739 2625.496948
2904.932051 2661.348118
2924.233345 2659.080737
2916.665276 2660.497063
2908.706423 2637.513266
2909.145561 2633.034590
2901.436834 2641.045142
2890.433003 2621.193705
2883.443391 2602.399205
2885.846635 2609.540300
2846.388638 2400.714753
2920.833678 2470.990967
2927.103526 2464.861787
2901.874600 2466.316478
2883.118310 2479.993800
2815.816439 2446.291533
3082.990125 2349.839631
3085.257588 2321.657723
3126.516989 2381.466630
3126.516989 2381.466630
3111.772308 2389.539107
3128.804605 2409.029234
3270.247329 2302.831033
3274.801120 2306.931284
3255.748328 2293.713892
3292.670578 2453.641728
3288.349344 2456.712670
3305.462782 2407.152176
3307.991362 2416.491099
3307.991362 2416.491099
3306.186258 2432.334294
3273.994330 2448.630883
3368.073725 2302.087165
3367.506540 2300.013886
3411.900352 2310.918052
3383.455946 2292.866683
3385.084649 2276.832398
3436.503901 2250.802319
3436.153774 2247.063539
3384.108655 2240.119237
3393.202689 2252.364364
3445.824642 2299.579343
3451.301967 2298.050046
3451.301967 2298.050046
3422.032966 2354.636481
3402.931788 2359.046335
3402.931788 2359.046335
3417.224784 2367.281778
3413.045820 2373.033628
3409.429979 2387.754696
3442.571375 2466.981753
3364.157333 2500.671084
3360.024837 2504.524699
3371.175824 2511.277977
3362.500952 2514.844648
3399.321259 2500.562992
3392.801401 2518.283447
3372.642417 2506.668096
3416.473510 2509.733065
3424.334728 2492.874629
3422.936818 2494.128902
3421.683788 2492.624969
3420.644795 2469.744566
3412.373143 2475.710269
3412.373143 2475.710269
3411.459884 2473.558765
3395.805753 2444.727444
3409.692350 2459.988614
3409.832873 2457.815595
3409.071359 2458.475239
3382.985574 2463.451368
3412.367301 2441.749688
3395.163540 2438.731679
3399.644453 2436.555864
3418.822580 2445.641807
3399.140770 2446.191570
3390.486075 2444.595328
3222.644845 2636.995341
3224.487462 2655.455977
3191.906341 2680.546819
3241.237538 2705.899610
3235.907468 2706.897106
3216.322384 2720.918649
3245.890844 2732.209746
3212.681008 2745.358451
3224.472550 2700.411764
3224.823287 2696.666479
3348.949199 2861.686553
3338.694005 2881.344695
3320.947265 2907.556521
3355.621421 2879.826929
3306.138725 2904.498091
3360.979793 2927.776743
3376.676487 2917.968360
3367.845884 2924.478841
3375.136115 2922.284731
3465.096121 2942.146037
3434.000803 2959.954494
3401.906080 2954.064010
3411.628191 2952.524179
3448.928569 2644.290464
3448.368138 2655.749317
3483.658509 2634.628465
3481.179412 2647.875404
3542.699200 2546.294159
3543.088078 2590.855197
3535.515551 2594.218788
3586.931410 2560.187373
3597.845474 2584.472265
3600.027889 2570.041720
3623.220071 2551.626847
3612.721792 2521.815367
3613.273121 2521.909608
3612.800110 2522.610876
3627.729461 2510.499738
3625.693523 2508.060461
3646.682514 2534.072402
3689.301533 2531.092190
3694.168085 2531.994152
3639.146629 2560.210669
3601.253035 2571.004944
3622.870974 2543.235478
3615.173527 2522.201215
3597.160591 2552.418196
3602.729983 2547.224653
3663.456543 2703.787071
3621.081785 2807.107408
3621.081785 2807.107408
3603.582001 2839.071416
3612.308234 2790.814720
3611.588093 2786.688503
3607.114608 2791.762676
3589.213096 2815.347047
3609.118905 2774.352652
3624.163059 2837.993902
3624.096645 2833.766206
3616.334402 2831.070700
3621.388155 2830.360441
3616.079025 2843.873022
3633.674939 2832.941823
3594.648049 2833.623040
3595.541333 2833.171809
3538.218178 2740.719025
3550.594151 2746.542716
3537.983756 2723.886307
3537.747060 2726.828157
3537.595417 2727.318036
3562.156582 2791.637367
3556.408438 2796.242498
3561.938977 2768.053109
3560.747079 2769.103908
3544.286229 2773.886227
3543.944270 2772.197905
3518.759622 2803.242922
3512.248660 2806.258307
3520.483597 2783.322108
3517.360623 2784.196996
1939.843504 2693.237931
2001.312495 2695.706781
1597.428975 2694.296955
1539.886875 2669.515412
1516.649269 2697.704882
1503.576321 2681.092129
1519.253628 2690.437680
1518.166756 2691.188863
1520.872642 2692.567581
1508.585225 2673.646618
1506.266956 2648.891327
1504.760461 2676.265559
1507.668910 2677.376187
1507.668910 2677.376187
1512.190704 2689.470274
1510.248798 2671.738862
1521.692642 2668.661787
1565.958169 2671.214121
1531.436543 2649.432597
1528.119456 2626.694791
1565.427319 2600.474385
1568.790279 2614.063476
1542.555323 2612.182931
1553.524786 2596.574965
1545.188174 2601.603931
1566.490582 2600.263697
1564.403077 2595.321880
1490.491730 2514.802981
1497.607931 2517.620484
1508.469695 2508.376399
1486.185353 2534.839906
1474.094927 2538.170164
1473.583663 2543.337994
1486.685161 2550.421948
1494.237119 2516.073670
1487.116295 2522.926192
1486.677881 2531.580607
1486.677881 2531.580607
1544.664049 2516.476342
1587.657376 2509.011461
1563.673168 2535.462357
1558.995632 2550.857941
1563.331942 2500.277068
1586.878377 2519.141319
1591.799951 2520.840758
1607.694916 2539.451371
1618.151758 2519.867445
1611.806170 2532.031277
1619.809880 2547.705611
1623.468142 2544.428998
1619.902352 2544.637723
1619.786737 2544.720495
1632.235308 2546.759027
1615.486777 2513.602570
1605.703656 2502.963506
1645.971379 2518.663235
1624.005812 2457.315787
1566.355055 2472.010780
1567.319939 2490.421861
1571.381301 2491.340853
1546.615427 2487.396166
1530.872574 2455.402465
1548.383474 2465.471679
1547.216262 2461.825313
1543.874696 2475.128648
1586.574413 2460.091704
-409.825816 4111.657606
-429.020146 4098.167604
-393.614875 4117.631817
-395.851708 4115.182173
-380.703289 4120.016650
-397.447219 4128.621861
-388.812734 4129.727964
-372.512773 4118.186949
-372.823599 4117.529392
-391.425647 4103.409669
-369.556410 4060.303048
-216.464299 4154.854663
-239.412448 4208.917114
-114.468411 4171.907004
-135.309452 4199.165955
-100.742011 4206.261632
-80.055782 4247.481192
-90.608807 4243.744170
-73.142725 4226.788777
-76.525516 4228.323280
-48.367146 4199.164434
75.150506 4091.792178
85.309928 4067.385734
85.309928 4067.385734
90.687798 4061.496214
91.399444 4061.582333
92.136151 4069.523790
72.629508 4142.323571
77.311476 4167.708822
148.480566 4138.954643
142.951188 4197.449352
142.997751 4194.114788
173.972397 4187.276228
128.028319 4251.687448
141.351351 4330.457944
139.444250 4329.608848
139.283391 4330.507362
-23.754244 4290.008603
-17.850731 4291.535356
1.653162 4339.328187
-0.666278 4341.216508
-1.965384 4338.492877
-20.756340 4251.581261
-45.935897 4336.044405
-7.376879 4398.721195
-6.005469 4392.324138
-19.548732 4366.307772
-19.548732 4366.307772
9.589051 4372.262406
32.572173 4308.598700
57.617558 4439.891202
36.019193 4410.808980
47.390894 4410.073605
449.781688 4530.796628
458.205197 4531.142314
448.419552 4547.079800
452.110003 4521.782680
453.314144 4522.292568
450.930186 4522.165544
450.885030 4523.686999
409.362046 4512.366534
440.791149 4569.066137
415.378223 4573.547122
437.063109 4612.991784
377.320761 4583.335425
377.049559 4581.688310
384.541258 4583.500743
386.296547 4577.899610
392.556493 4585.547770
392.556493 4585.547770
395.517699 4597.977615
397.307638 4600.572279
340.052640 4641.261289
332.630410 4638.337594
329.112670 4707.778803
235.176929 4639.780667
1542059.569874 -685051.599607
1542068.264346 -685029.356812
1542073.590740 -685049.732243
1542056.486499 -685041.610552
1542084.532272 -685070.551545
1542103.038774 -685096.737640
1542109.298918 -685105.530258
1542049.704107 -685076.011931
1542015.625998 -685089.849616
1542056.962730 -685075.373698
1542041.971397 -685105.573544
1541984.664416 -685119.437562
1541983.259750 -685135.822277
1541988.635778 -685129.872508
1541959.081469 -685185.222811
1541937.460883 -685197.680318
1541953.851252 -685187.987081
1541959.027618 -685186.062008
1541959.682480 -685175.355113
1541953.814168 -685184.055242
1541956.205363 -685182.960468
1541935.106657 -685195.537821
1541939.191996 -685196.841619
1541922.147351 -685178.531466
1541921.461353 -685174.432108
1541926.178956 -685174.936274
1542032.588868 -685206.456326
1542004.805304 -685183.225661
1542034.010970 -685172.883392
1542056.155407 -685145.341268
1542074.232186 -685153.051668
1541993.172051 -685167.928986
1541984.261754 -685196.017802
1541946.616542 -685188.256108
1541960.539592 -685188.499136
1541954.202185 -685223.371634
1541953.456070 -685222.089680
1541907.984730 -685252.415294
1541966.795563 -685073.541126
1541947.794512 -685044.942245
1541938.220229 -685064.791788
1541939.165790 -685064.261164
1541869.971050 -685039.758022
1541859.571704 -685089.974564
1541838.036870 -685081.186361
1541843.525234 -685022.579699
1541828.392494 -685040.614197
1541839.711198 -685006.786157
1541843.466686 -685027.554278
1541841.490534 -685024.624513
1541833.343773 -685038.566024
1541848.628883 -685047.302184
1541811.462883 -685038.892377
1541857.992987 -685117.570487
1541856.025756 -685140.517248
1541832.190431 -685141.328771
1541836.407380 -685142.892853
1541886.693251 -685088.015454
1541857.156958 -685076.618347
1541869.719756 -685076.025901
1541815.716894 -685126.826721
1541824.864493 -685143.329426
1541631.506469 -685100.108787
1541634.017337 -685100.178922
1541646.835257 -685074.357389
1541653.115405 -685107.594130
1541666.959464 -685109.318499
1542353.626794 -683282.469672
1542347.332743 -683243.392989
1542425.670290 -683296.631131
1542366.342890 -683252.891199
1542353.107237 -683281.018393
1542368.963657 -683319.680339
1542369.842318 -683325.559600
1542403.345999 -683356.475906
1542400.838543 -683330.434989
1542418.263938 -683321.013113
1542427.899960 -683333.639328
1542449.931405 -683324.332881
1542457.347334 -683367.266531
1542466.090536 -683316.648786
1542438.297230 -683244.993364
1542444.118089 -683218.407976
1542437.655055 -683207.522985
1542426.915485 -683225.467498
1542458.746275 -683259.962195
1542459.008060 -683262.474001
1542462.826289 -683249.625064
1542482.647818 -683236.405747
1542475.175269 -683237.270351
1542474.710418 -683235.954003
1542481.116393 -683231.809792
1542481.672985 -683225.317431
1542459.320650 -683258.960400
1542517.557696 -683120.757669
1542513.874845 -683135.153571
1542515.228037 -683133.710045
1542525.645159 -682920.716504
1542575.249036 -682584.799706
1542574.476487 -682588.465714
1542556.235677 -682575.975971
1542552.201547 -682579.507584
1542554.408162 -682553.229713
1542542.860310 -682569.844893
1542541.837145 -682564.556529
1542546.472154 -682571.776298
1542544.654411 -682577.796954
1542510.465873 -682564.191682
1542511.473637 -682553.118213
1542527.055251 -682526.130066
1542210.770843 -683186.266551
1542176.323398 -683181.026112
1542180.906769 -683179.366955
1542182.270573 -683177.070047
1542187.949540 -683194.141650
1542150.722362 -683192.581369
1542151.016818 -683191.789601
1542200.221041 -683157.845881
1542153.703240 -683143.000157
1542157.620952 -683140.738264
1542142.315674 -683131.686748
1542249.103121 -683190.151167
1543052.967286 -682769.901137
1543090.348226 -682744.876779
1543079.285277 -682760.617764
1543081.986040 -682141.652177
1543058.565760 -682150.830484
1543068.954956 -682170.535349
1543055.036121 -682166.491553
1543053.805296 -682166.415194
1543092.770765 -682164.304900
1543085.020256 -682177.462653
1543079.898155 -682175.341009
1543078.429016 -682174.245946
1543231.601288 -682202.358319
1543001.663531 -682510.843486
1543334.605698 -682300.366185
1543368.048381 -682313.304183
1543343.586033 -682321.631846
1543355.596630 -682285.101406
1543351.269929 -682309.148198
1543372.464527 -682311.301067
1543129.962787 -682443.517308
1543121.325486 -682480.929568
1543128.709157 -682478.714360
1543129.193677 -682477.532979
1543136.352737 -682477.464255
1543101.609607 -682469.889028
1543102.296913 -682468.330695
1543124.426834 -682381.511557
1543124.428412 -682382.416065
1543118.905775 -682378.620462
1543217.348785 -682393.069491
1543212.599572 -682376.341862
1543211.620592 -682382.739528
1543791.065599 -682639.514212
1543788.412369 -682668.668298
1543787.421061 -682662.409422
1543779.771074 -682674.348407
1543775.721810 -682545.498736
1543641.601659 -682465.547080
1543678.504525 -682462.123704
1543676.703982 -682462.827518
1543672.658876 -682460.841462
1543674.177099 -682457.358104
1543700.804213 -682467.049581
1543689.028775 -682432.459462
1543678.132652 -682453.301823
1543659.683580 -682406.466124
1543659.683580 -682406.466124
1543665.924179 -682437.416051
1543628.558769 -682441.838539
1543628.558769 -682441.838539
1543630.877935 -682445.289823
1543662.294137 -682436.518261
1543662.043199 -682442.505450
1543613.865823 -682497.151957
1543614.024207 -682497.214986
1543621.539829 -682495.486775
1543642.647413 -682584.087141
1543655.179401 -682591.706708
1542644.656323 -682278.897562
1542650.836973 -682281.301086
1542628.640877 -682347.255450
1542229.636980 -682906.638283
1542226.250401 -682903.216053
1542226.600296 -682901.979551
1542221.690298 -682896.507269
1542290.912449 -682841.445484
1542321.034452 -682777.141894
1542245.610982 -682727.880109
1542252.406848 -682725.500231
1542281.140566 -682743.524858
1542274.854373 -682740.445284
1542670.686609 -682426.712519
1542640.483503 -682600.664662
1542643.659603 -682600.150246
1542672.388836 -682610.635233
1542672.765467 -682609.426011
1542670.458587 -682618.961508
1542666.405825 -682598.679413
1542650.886404 -682684.077269
1542650.675740 -682623.726577
1542713.259576 -682589.391908
1542681.576153 -682602.032312
1542689.052528 -682606.887527
1542628.024962 -682593.134371
1542628.024962 -682593.134371
1542632.689156 -682595.500652
1542633.050889 -682594.884092
1542632.326089 -682594.254034
1542629.284208 -682609.546602
1542646.479672 -682593.651279
1542695.095625 -682732.476646
1542673.661840 -682688.530875
1542682.040388 -682653.765392
1542683.367987 -682654.669323
1542663.355419 -682650.833618
1542662.832532 -682651.857631
1542675.918261 -682657.331510
1542718.133593 -682685.273228
1542952.595122 -682822.830990
1542951.332849 -682827.106048
1542944.036185 -682816.800599
1542956.012430 -682800.316712
1542959.174137 -682798.805267
1542956.751797 -682822.245761
1542874.007407 -682755.001219
1542883.900018 -682760.712721
1542892.650064 -682757.406354
1542869.798008 -682762.514394
1542867.460684 -682761.036799
1542848.757262 -682754.505272
1542858.600368 -682777.694177
1542859.723388 -682777.684377
1542827.211903 -682759.588716
1542849.652989 -682742.369065
1542926.992245 -682678.615502
1542877.118690 -682576.359561
1542885.052737 -682583.680888
1542884.919037 -682570.913930
1542893.593770 -682733.719192
1542879.976692 -682749.002664
1544173.755972 -682763.680754
1544139.967694 -682757.783756
1544024.611495 -683300.492004
1544016.931910 -683303.370924
1544016.587593 -683299.728430
1544013.300044 -683307.043558
1544003.991779 -683303.710717
1544034.634955 -683296.804979
1544020.026376 -683278.956783
1543949.465743 -683335.486510
1543961.646945 -683301.651920
1543994.318703 -683486.942668
1544023.587461 -683460.727382
1543975.849519 -683480.111750
1543977.488488 -683479.087609
1543952.892476 -683546.481545
1543952.474458 -683554.457819
1543965.258755 -683575.903678
1543976.645355 -683569.088938
1543969.966919 -683571.401554
1543978.748559 -683536.440379
1543998.216614 -683535.471202
1543987.488942 -681779.349270
1544017.337765 -681816.078239
1544015.250563 -681813.392278
1543854.220222 -681904.313446
1543919.487004 -681941.540961
1543826.147809 -681986.662891
1543853.445275 -681999.333952
1543811.624534 -682056.579500
1543812.441810 -682057.137008
1543827.570844 -682063.793942
1543828.622974 -682057.368963
1543846.875627 -682014.576217
1543828.686524 -682058.488597
1543853.887942 -682006.818032
1543837.162416 -682021.615528
1543853.162374 -681999.754358
1543853.819416 -681972.869900
1543854.242325 -681982.183079
1543851.439403 -681989.523206
1543851.389728 -681986.361072
1543886.983470 -682006.050420
1543895.348590 -682004.530220
1543893.812846 -681982.840093
1543904.059645 -681991.607162
1543854.188756 -681955.240685
1543853.591421 -681954.473373
1543877.056029 -681959.289966
1544178.869737 -682217.063224
1544166.127734 -682190.107308
1544163.791989 -682208.340648
1544492.464309 -681707.032047
1544513.082828 -681729.931232
1544514.491079 -681729.232170
1544514.713566 -681745.165585
1544518.359581 -681720.173055
1544632.040585 -681765.412220
1544632.403732 -681760.467100
1544517.055324 -681878.257016
1544513.893398 -681878.212865
1544534.036066 -681887.349984
1544516.974371 -681885.496491
1544555.346146 -681915.800693
1544531.519794 -681886.272371
1544530.950762 -681887.418678
1544534.440791 -681882.105617
1544412.094863 -681999.021925
1544452.460013 -681985.750539
1544434.537857 -682014.100587
1544443.346020 -682011.323383
1544442.910846 -682010.490972
1544444.011844 -682010.632990
1544450.287140 -682046.588819
1544690.334073 -682032.747800
1544627.479735 -682031.211673
1544632.663739 -682011.166617
1544660.058947 -682041.063240
1544621.681845 -682031.672423
1544678.860789 -681915.724995
1544669.575735 -681909.832520
1544670.019103 -681909.407346
1544689.549215 -681919.229969
1544694.213832 -681905.288898
1544696.892229 -681906.764404
1544670.926029 -681947.133385
1544671.584607 -681946.871305
1544671.222741 -681943.881007
1544698.616178 -681967.862147
1544723.929246 -681869.274255
1544752.359201 -681873.345753
1544750.267717 -681871.992711
1544754.473426 -681859.125327
1545572.353416 -680891.295056
1545560.967129 -680879.317365
1545622.070477 -680834.185732
1545618.643083 -680835.542733
1545682.558759 -680981.839933
1545716.501039 -681422.959232
1545665.029986 -681419.856210
1545665.759587 -681408.871549
1545645.025259 -681332.026716
1545643.655047 -681330.680212
1545685.922322 -681331.049073
1545645.967898 -681336.273706
1545642.599844 -681329.050890
1545645.181195 -681330.645165
1545641.677970 -681331.865116
1545622.861600 -681332.209983
1545618.496099 -681337.698169
1545649.311918 -681290.785569
1545650.591686 -681299.452137
1545650.705972 -681300.051245
1545635.677818 -681301.471824
1545635.621785 -681297.904979
1545656.057276 -681305.504870
1545731.713154 -681158.294453
1545724.812956 -681158.342627
1545672.972866 -681058.546205
1545647.800016 -681028.758160
1545641.951751 -681028.676498
1545662.224615 -681049.306314
1545662.371719 -681049.327643
1545676.239385 -681029.741635
1545628.430143 -680994.105724
1545612.127949 -680964.574351
1545587.343457 -680994.963140
1545590.163996 -680991.016180
1546701.650062 -681506.950834
1546635.736427 -681589.224499
1546633.661323 -681584.288021
1546651.723577 -681568.447850
1546650.058246 -681488.945772
1546649.418403 -681490.490489
1546657.969569 -681486.790069
1546636.038263 -681471.433604
1546640.155228 -681526.187478
1546609.290697 -681512.445704
1546609.366895 -681511.124195
1546609.917876 -681534.504255
1546645.680873 -681511.190651
1546638.679061 -681495.010419
1546596.318179 -681442.512003
1546644.996426 -681482.071740
1546696.895770 -681470.850705
1546687.245983 -681421.665331
1546737.728559 -681425.195416
1546719.041410 -681415.570902
1546718.808509 -681439.832433
1546733.742113 -681475.532364
1546735.141493 -681472.203372
1546731.015822 -681480.196713
1546741.879851 -681464.150609
1546743.278288 -681462.800154
1546684.890532 -681452.767303
1546471.512670 -681483.895767
1546490.945361 -681478.942436
1546489.201283 -681471.814978
1546452.550572 -681478.740202
1547070.077075 -681661.659886
1547044.547939 -681638.834203
1547057.255120 -681641.143489
1547044.785724 -681608.659604
1547026.821254 -681615.808535
1547015.759703 -681604.591447
1546909.811453 -681545.863373
1546911.355988 -681536.431455
1546951.447082 -681553.325382
1546950.899180 -681551.294770
1546960.002190 -681551.612654
1546953.439251 -681519.781556
1547034.354159 -681576.123666
1546952.345691 -681626.378520
1546970.077338 -681634.646922
1546966.064546 -681644.578932
1546950.810806 -681626.238303
1546955.723683 -681611.555262
1546969.875658 -681624.752193
1546960.308405 -681623.202636
1546956.871670 -681625.119428
1546970.952449 -681589.189515
1546977.377854 -681630.695107
1546943.918977 -681635.994472
1546928.080587 -681571.268315
1546929.454464 -681573.652742
1546845.224465 -681553.586326
1546798.234252 -681583.177642
1546837.818317 -681570.009777
1546672.776084 -681575.628981
1546673.059584 -681573.611778
1546619.662498 -681568.846215
1546626.215594 -681559.625113
1546604.293930 -681576.294734
1546612.654297 -681503.481725
1546634.951901 -681521.602496
1546634.758466 -681520.394837
