59 
10 20 20 10 10 10 20 10 10 20
10 10 10 10 20 10 20 10 10 10
20 10 20 10 20 10 20 10 10 10
10 10 20 10 10 10 10 10 10 20
20 10 20 10 10 20 10 10 20 10
10 10 20 10 10 20 20 10 10

35 
10 10 10 10 10 10 10 10 10 10
10 10 10 10 10 10 10 10 10 10
10 10 10 10 10 10 10 10 10 10
10 10 10 10 10

35 
10 10 20 20 10 10 20 10 10 10
20 10 10 20 10 10 20 10 10 10
20 10 20 10 20 10 10 10 10 10
10 10 20 20 10 

89
1 1 2 2 1  1
1 1 1 1 2  1
2 1 1 1 2  1
1 2 1 1 2  1
2 2 1 1 1  1
1 1 2 1 2  1
2 1 2 1 1  1
1 2 2 1 1  1
1 1 1 2 2  1
2 1 1 2 1  1
2 1 1 1 1  1
1 1 2 1 1  1
1 1 1 1 2  1
1 2 2 1 1  1
1 1 2 2 1

0
